County,January,February,March,April,Total 
Alachua,0,0,652,5697,6349
Baker,0,0,60,492,552
Bay,0,0,40,1323,1363
Bradford,0,0,13,890,903
Brevard,0,0,210,5139,5349
Broward,0,0,7234,100862,108096
Calhoun,0,0,1,147,148
Charlotte,0,0,115,3815,3930
Citrus,0,0,149,2156,2305
Clay,0,0,251,5468,5719
Collier,0,0,922,11930,12852
Columbia,0,0,28,945,973
DeSoto,0,0,43,610,653
Dixie,0,0,0,85,85
Duval,0,0,1086,21771,22857
Escambia,0,0,334,8583,8917
Flagler,0,0,93,2004,2097
Franklin,0,0,0,54,54
Gadsden,0,0,14,1247,1261
Gilchrist,0,0,0,91,91
Glades,0,0,7,137,144
Gulf,0,0,0,30,30
Hamilton,0,0,0,88,88
Hardee,0,0,0,156,156
Hendry,0,0,10,1028,1038
Hernando,0,0,134,2096,2230
Highlands,0,0,76,1749,1825
Hillsborough,0,0,1840,24501,26341
Holmes,0,0,2,143,145
Indian River,0,0,171,2234,2405
Jackson,0,0,16,241,257
Jefferson,0,0,0,496,496
Lafayette,0,0,0,23,23
Lake,0,0,322,5118,5440
Lee,0,0,1043,20175,21218
Leon,0,0,152,4156,4308
Levy,0,0,8,274,282
Liberty,0,0,0,41,41
Madison,0,0,0,677,677
Manatee,0,0,363,9585,9948
Marion,0,0,120,3130,3250
Martin,0,0,156,3870,4026
Miami-Dade,0,0,9865,237806,247671
Monroe,0,0,150,1879,2029
Nassau,0,0,61,1131,1192
Okaloosa,0,0,286,3247,3533
Okeechobee,0,0,0,182,182
Orange,0,0,1763,31092,32855
Osceola,0,0,652,10591,11243
Palm Beach,0,0,2722,56034,58756
Pasco,0,0,287,5181,5468
Pinellas,0,0,952,15620,16572
Polk,0,0,346,8765,9111
Putnam,0,0,87,1525,1612
St. Johns,0,0,442,5206,5648
St. Lucie,0,0,168,5008,5176
Santa Rosa,0,0,183,3329,3512
Sarasota,0,0,473,7300,7773
Seminole,0,0,582,8339,8921
Sumter,0,0,286,3749,4035
Suwannee,0,0,10,2246,2256
Taylor,0,0,0,43,43
Union,0,0,1,73,74
Volusia,0,0,484,8265,8749
Wakulla,0,0,3,372,375
Walton,0,0,136,877,1013
Washington,0,0,5,178,183
